muffin,145,241,59,802,570,322,
doot,29,245,856,32,391,961,
jamaica,272,19,831,545,280,967,
a123456,442,992,553,734,558,307,
jayson,947,787,634,53,830,463,
nicole1,799,141,703,521,863,668,
jerome,300,233,886,179,6,147,
feet,881,326,432,768,643,735,
preciosa,389,403,246,846,263,743,
mamita,260,500,336,744,770,484,
charmed,653,674,790,715,168,158,
stephen,740,696,280,566,686,55,
potter,271,705,859,949,721,333,
samantha,36,399,266,727,657,97,
meet,988,957,365,582,861,212,
111111,376,21,890,841,200,283,
walter,987,409,119,719,79,161,
alberto,231,436,476,747,791,660,
george,733,571,353,771,16,225,
brooke,662,987,792,588,918,189,
chocolate,431,432,509,347,284,999,
catdog,65,577,528,227,950,376,
hailey,880,918,147,774,790,59,
maryjane,285,36,593,724,968,761,
kelsey,99,388,987,938,859,775,
stephanie,490,585,106,508,237,273,
deet,89,326,280,293,139,945,
kittycat,232,279,949,26,515,750,
